start=1414.121000
volume=60.000000
fullscreen=yes
